1
-0.001375 5.802941 0.740543 -2.211332 0.001374 5.209474
2
1.001375 -4.998898 0.816368 -3.000434 0.998626 -4.830190
1
-0.001374 5.209201 0.557085 -0.397394 0.001371 4.196151
2
1.001374 -4.829916 0.585768 -0.657487 0.998629 -4.070199
1
-0.001371 4.195819 0.526958 -0.171359 0.001370 3.909469
2
1.001371 -4.069867 0.615897 -0.883528 0.998630 -3.855189
1
-0.001370 3.909116 0.507589 -0.042593 0.001361 2.890914
2
1.001370 -3.854837 0.526815 -0.170250 0.998639 -2.904392
1
-0.001361 2.890444 0.447386 0.290027 0.001359 2.772894
2
1.001361 -2.903922 0.587017 -0.502869 0.998641 -2.794224
1
-0.001359 2.772406 0.475293 0.119060 0.001340 2.027572
2
1.001359 -2.793735 0.492881 0.036776 0.998660 -1.999894
1
-0.001340 2.026906 0.387484 0.461189 0.001338 1.970937
2
1.001340 -1.999228 0.580690 -0.305351 0.998662 -1.939535
1
-0.001338 1.970253 0.448168 0.212781 0.001302 1.473111
2
1.001338 -1.938851 0.465987 0.154259 0.998698 -1.348188
1
-0.001302 1.472188 0.331448 0.533707 0.001298 1.443356
2
1.001302 -1.347265 0.582707 -0.166669 0.998702 -1.312843
1
-0.001298 1.442414 0.422227 0.275493 0.001235 1.117488
2
1.001298 -1.311900 0.441125 0.231519 0.998765 -0.883774
1
-0.001235 1.116252 0.275023 0.563728 0.001230 1.100611
2
1.001235 -0.882539 0.588329 -0.056715 0.998770 -0.861552
1
-0.001230 1.099356 0.395314 0.321769 0.001133 0.886780
2
1.001230 -0.860297 0.415991 0.287304 0.998867 -0.548178
1
-0.001133 0.885199 0.215226 0.575075 0.001126 0.876566
2
1.001133 -0.546598 0.596078 0.033998 0.998874 -0.533209
1
-0.001126 0.874967 0.365614 0.358532 0.000993 0.735531
2
1.001126 -0.531610 0.388978 0.330401 0.999007 -0.300335
1
-0.000993 0.733611 0.148348 0.579200 0.000985 0.729020
2
1.000993 -0.298415 0.606246 0.109731 0.999015 -0.289584
1
-0.000985 0.727083 0.331033 0.389532 0.000827 0.636255
2
1.000985 -0.287647 0.358444 0.365603 0.999173 -0.113136
1
-0.000827 0.634042 0.070227 0.580952 0.000818 0.631944
2
1.000827 -0.110923 0.619247 0.174185 0.999182 -0.104937
1
-0.000818 0.629718 0.288632 0.417073 0.000655 0.572171
2
1.000818 -0.102711 0.322112 0.395904 0.999345 0.031160
1
-0.000655 0.569739 -0.023163 0.581862 0.000646 0.569266
2
1.000655 0.033592 0.633908 0.231114 0.999354 0.037775
1
-0.000646 0.566824 0.233701 0.442843 0.000497 0.532870
2
1.000646 0.040217 0.276256 0.423454 0.999503 0.144251
2
1.000497 0.146827 0.645473 0.283882 0.999511 0.149889
1
-0.000489 0.528359 0.157615 0.468521 0.000366 0.511793
2
1.000489 0.152472 0.213946 0.450155 0.999634 0.233946
2
1.000366 0.236610 0.644070 0.334657 0.999641 0.239030
1
-0.000359 0.507968 0.042066 0.496558 0.000266 0.504775
2
1.000359 0.241697 0.120484 0.478329 0.999734 0.305499
2
1.000266 0.308209 0.611168 0.384692 0.999741 0.310376
3
-0.000197 0.506405 0.999803 0.362388 1.000259 0.313089 0.000259 0.504344
3
-0.000156 0.520259 0.999844 0.406675 1.000191 0.370180 0.000191 0.509605
3
-0.000141 0.540738 0.999859 0.438208 1.000151 0.415329 0.000151 0.525021
3
-0.000139 0.544091 0.999861 0.442803 1.000141 0.440956 0.000141 0.543486
1
-0.001375 5.916833 0.580713 -0.454866 0.001375 5.803196
2
1.001375 -5.029190 0.999115 -5.004447 0.998625 -4.999153
1
-0.001375 5.955477 0.173301 4.035137 0.001375 5.917085
2
1.001375 -5.037964 1.456661 -10.043234 0.998625 -5.029442
1
-0.001375 5.974932 -0.489206 11.349024 0.001375 5.955728
2
1.001375 -5.041135 2.208877 -18.343355 0.998625 -5.038214
1
-0.001375 5.986616 -1.517846 22.711403 0.001375 5.975181
2
1.001375 -5.041894 3.395976 -31.451366 0.998625 -5.041385
3
-0.001375 5.994354 0.998625 -5.041493 1.001375 -5.041894 0.001375 5.986866
3
-0.001375 5.999769 0.998625 -5.039782 1.001375 -5.041244 0.001375 5.994603
3
-0.001375 6.003644 0.998625 -5.037063 1.001375 -5.039533 0.001375 6.000018
3
-0.001375 6.006366 0.998625 -5.033185 1.001375 -5.036814 0.001375 6.003893
3
-0.001375 6.008087 0.998625 -5.027760 1.001375 -5.032936 0.001375 6.006615
3
-0.001375 6.008757 0.998625 -5.020003 1.001375 -5.027511 0.001375 6.008337
1
-0.001375 6.008757 -2.398740 32.448718 0.001375 6.008282
2
1.001375 -5.019753 2.515081 -21.714052 0.998625 -5.008284
1
-0.001375 6.008033 -1.211626 19.340542 0.001375 6.005174
2
1.001375 -5.008034 1.486456 -10.351837 0.998625 -4.988768
1
-0.001375 6.004923 -0.459416 11.040480 0.001375 5.996532
2
1.001375 -4.988518 0.823944 -3.037891 0.998625 -4.949994
1
-0.001375 5.996281 -0.001870 6.001692 0.001375 5.966640
2
1.001375 -4.949743 0.416532 1.452112 0.998625 -4.835709
3
-0.000141 0.556007 0.999859 0.453477 1.000139 0.452875 0.000139 0.554163
3
-0.000151 0.581614 0.999849 0.471922 1.000141 0.456225 0.000141 0.558755
3
-0.000191 0.626681 0.999809 0.487257 1.000180 0.485887 0.000180 0.617346
3
-0.000180 0.614608 0.999820 0.483148 1.000151 0.474667 0.000151 0.584359
3
-0.000250 0.675703 0.999750 0.491662 1.000191 0.489992 0.000191 0.629416
1
-0.000359 0.754807 0.539401 0.609645 0.000349 0.750526
1
-0.000349 0.747854 0.875545 0.518939 0.000259 0.686343
2
1.000349 0.489177 0.956396 0.500664 0.999741 0.492374
1
-0.000489 0.843730 0.467386 0.666654 0.000479 0.839362
1
-0.000479 0.836771 0.782714 0.547069 0.000359 0.757474
2
1.000479 0.469463 0.840215 0.528745 0.999641 0.485869
1
-0.000646 0.955571 0.437374 0.723837 0.000636 0.950426
2
1.000646 0.428964 1.047159 0.404356 0.999364 0.429153
1
-0.000636 0.947974 0.720660 0.573751 0.000489 0.846313
2
1.000636 0.431605 0.763874 0.554442 0.999511 0.465261
1
-0.000818 1.097932 0.425853 0.784476 0.000808 1.091278
2
1.000818 0.365503 0.957892 0.397038 0.999192 0.367228
1
-0.000808 1.089038 0.674932 0.601282 0.000646 0.958013
2
1.000808 0.369468 0.708815 0.580232 0.999354 0.426522
1
-0.000985 1.282091 0.421643 0.852420 0.000976 1.272951
2
1.000985 0.267362 0.883372 0.386935 0.999024 0.271320
1
-0.000976 1.270997 0.638672 0.631555 0.000818 1.100158
2
1.000976 0.273274 0.666342 0.607800 0.999182 0.363277
1
-0.001126 1.524976 0.420010 0.931943 0.001120 1.511875
2
1.001126 0.118399 0.819888 0.373614 0.998880 0.125808
1
-0.001120 1.510257 0.608181 0.666712 0.000985 1.284028
2
1.001120 0.127426 0.631717 0.638845 0.999015 0.265425
1
-0.001230 1.852140 0.419577 1.026976 0.001226 1.832642
2
1.001230 -0.107513 0.763609 0.358440 0.998774 -0.094444
1
-0.001226 1.831369 0.581195 0.709736 0.001126 1.526575
2
1.001226 -0.093171 0.601990 0.675682 0.998874 0.116800
1
-0.001298 2.301555 0.419858 1.141163 0.001295 2.271359
2
1.001298 -0.452759 0.711280 0.346314 0.998705 -0.429784
1
-0.001295 2.270400 0.556078 0.765391 0.001230 1.853395
2
1.001295 -0.428825 0.575060 0.722088 0.998770 -0.108767
1
-0.001338 2.925325 0.419441 1.280170 0.001336 2.876689
2
1.001338 -0.983778 0.660895 0.347282 0.998664 -0.942478
1
-0.001336 2.875989 0.531233 0.842391 0.001298 2.302498
2
1.001336 -0.941778 0.549103 0.785060 0.998702 -0.453701
1
-0.001359 3.775645 0.414882 1.458584 0.001358 3.695682
2
1.001359 -1.790496 0.611435 0.380069 0.998642 -1.714659
1
-0.001358 3.695180 0.504378 0.959231 0.001338 2.926010
2
1.001358 -1.714157 0.521939 0.879423 0.998662 -0.984463
1
-0.001370 4.830692 0.399040 1.721789 0.001369 4.705038
2
1.001370 -2.933260 0.561047 0.485544 0.998631 -2.797128
1
-0.001369 4.704673 0.470606 1.164013 0.001359 3.776134
2
1.001369 -2.796763 0.489481 1.043321 0.998641 -1.790984
1
-0.001374 5.799505 0.352062 2.251221 0.001374 5.641838
2
1.001374 -4.239612 0.499574 0.798162 0.998626 -4.026914
1
-0.001374 5.641554 0.413091 1.634319 0.001370 4.831045
2
1.001374 -4.026630 0.438546 1.415052 0.998630 -2.933613
1
-0.001375 5.966386 0.180877 3.997679 0.001374 5.799778
2
1.001375 -4.835454 0.256702 3.208577 0.998626 -4.239886
4
5
[TIME: Depth Complexity] Elapsed time : 45 ms
